{
 "cells": [
  {
   "cell_type": "markdown",
   "id": "ab7c1755",
   "metadata": {},
   "source": [
    "# Generating dataset for Ballymun noise data, traffic and weather from January to June 2019\n",
    "\n",
    "In order to generate a training data set for the prediction of Ballymun noise monitor data traffic volume data was downloaded from TII traffic data: https://trafficdata.tii.ie/publicmultinodemap.asp for the Ballymun monitor (ID: TMU R108 000.0 N) \n",
    "\n",
    "A dataset was generated made up of noise monitor value data (LAeq), hourly weather data and hourly traffic volume data between January and June 2019.\n",
    "\n",
    "Elements of this dataset were then used to generate different supervised regression models."
   ]
  },
  {
   "cell_type": "code",
   "execution_count": 1,
   "id": "3927349f",
   "metadata": {},
   "outputs": [],
   "source": [
    "# import libraries\n",
    "\n",
    "import pandas as pd\n",
    "import numpy as np\n",
    "\n",
    "# plotting\n",
    "import seaborn as sns\n",
    "import matplotlib.pyplot as plt\n",
    "\n",
    "# set random seed for reproducibility\n",
    "SEED = 1 # "
   ]
  },
  {
   "cell_type": "code",
   "execution_count": 2,
   "id": "e42d5f6a",
   "metadata": {},
   "outputs": [],
   "source": [
    "# Set the start and end dates for the range of time - want to look at noise, traffic and weather between jan-june 2019\n",
    "\n",
    "start_date = pd.Timestamp('2019-01-01')\n",
    "end_date = pd.Timestamp('2019-06-23 23:00:00')\n",
    "\n",
    "# Generate a list of hourly datetime objects for the specified period\n",
    "hourly_range = pd.date_range(start=start_date, end=end_date, freq='H')\n",
    "\n",
    "# Convert the datetime objects to the desired string format\n",
    "hourly_range_formatted = hourly_range.strftime('%Y-%m-%d %H:%M:%S')\n"
   ]
  },
  {
   "cell_type": "code",
   "execution_count": 3,
   "id": "98cd2dea",
   "metadata": {},
   "outputs": [],
   "source": [
    "# read in the traffic volume data for Ballymun \n",
    "\n",
    "df = pd.read_csv('../Data/datasets/ballymun_traffic.csv') # load in the traffic data for Ballymun between 1st Jan and 23rd June 2019\n",
    "\n",
    "# get rid of unnamed columns, might have originated from the file in excel format\n",
    "\n",
    "columns_drop = ['Unnamed: 175', 'Unnamed: 176',\n",
    "       'Unnamed: 177', 'Unnamed: 178', 'Unnamed: 179', 'Unnamed: 180',\n",
    "       'Unnamed: 181']\n",
    "for col in columns_drop:\n",
    "    df.drop(col, axis=1, inplace=True)\n",
    "    \n",
    "cols = df.columns.drop('Time') # select all columns to be melted together instead of a row of columns want them in one column. Want everything melted except for time.\n",
    "\n",
    "#melt the columns together\n",
    "\n",
    "melted = pd.melt(df, id_vars=['Time'], value_vars=cols)\n",
    "\n",
    "# add in the range of datetime values that were generated above to have a new datetime column\n",
    "\n",
    "melted['datetime'] = hourly_range_formatted \n",
    "\n",
    "df_ballymun_traffic = melted[['datetime', 'value']] # create new df containing Ballymun traffic"
   ]
  },
  {
   "cell_type": "code",
   "execution_count": 4,
   "id": "4d58f3c0",
   "metadata": {},
   "outputs": [],
   "source": [
    "# import Ballymun data and choose the same range in 2019\n",
    "\n",
    "df_ballymun_noise = pd.read_csv('../Data/csv_files_mergedJson_requests/2015_2021Ballymun4.csv', parse_dates=['datetime'], sep = '\\t')\n",
    "\n",
    "# just interested in these two columns the 'datetime' and the LAeq noise values\n",
    "df_ballymun_noise2 = df_ballymun_noise[['datetime', 'laeq_Ballymun4']]\n",
    "\n",
    "# set index to datetime\n",
    "df_ballymun_noise2.set_index('datetime', inplace=True)\n",
    "\n",
    "# use datetime range desired with .loc to make a subset of the ballymun LAeq data\n",
    "ballymun_noise_tomerge = df_ballymun_noise2.loc['2019-01-01': '2019-06-23']"
   ]
  },
  {
   "cell_type": "code",
   "execution_count": 5,
   "id": "43cf7c8f",
   "metadata": {},
   "outputs": [
    {
     "name": "stderr",
     "output_type": "stream",
     "text": [
      "/var/folders/3w/qk3jn0b95mb0c72rjz15z8340000gn/T/ipykernel_3958/4294097975.py:3: SettingWithCopyWarning: \n",
      "A value is trying to be set on a copy of a slice from a DataFrame.\n",
      "Try using .loc[row_indexer,col_indexer] = value instead\n",
      "\n",
      "See the caveats in the documentation: https://pandas.pydata.org/pandas-docs/stable/user_guide/indexing.html#returning-a-view-versus-a-copy\n",
      "  df_ballymun_traffic['datetime'] = pd.to_datetime(df_ballymun_traffic['datetime'])\n"
     ]
    }
   ],
   "source": [
    "# change traffic data 'datetime' to type datetime\n",
    "\n",
    "df_ballymun_traffic['datetime'] = pd.to_datetime(df_ballymun_traffic['datetime'])\n",
    "\n",
    "# merge traffic and LAeq data for Ballymun\n",
    "\n",
    "df_merged = pd.merge(ballymun_noise_tomerge, df_ballymun_traffic, on='datetime', how='right')"
   ]
  },
  {
   "cell_type": "code",
   "execution_count": 6,
   "id": "a55d2137",
   "metadata": {},
   "outputs": [],
   "source": [
    "# clean up the merged dataframe by dropping NAs and changing traffic volume to float\n",
    "\n",
    "df_merged.dropna(inplace=True)\n",
    "\n",
    "df_merged['value'] = df_merged['value'].astype(float)"
   ]
  },
  {
   "cell_type": "code",
   "execution_count": 7,
   "id": "a98ee426",
   "metadata": {},
   "outputs": [],
   "source": [
    "# import weather dataset to merge\n",
    "\n",
    "weather = pd.read_csv('../Data/datasets/2015to2021_weather.csv', sep='\\t', parse_dates = ['datetime'])\n",
    "\n",
    "weather.set_index('datetime', inplace=True)\n",
    "\n",
    "weather_to_merge = weather.loc['2019-01-01': '2019-06-23']\n",
    "\n",
    "df_traffic_weather_noise = pd.merge(df_merged, weather_to_merge, on='datetime', how='right')\n",
    "\n",
    "# add in 'hour' column which is the hour of the day in 24h clock and day of the week\n",
    "df_traffic_weather_noise['hour'] = df_traffic_weather_noise['datetime'].dt.hour\n",
    "df_traffic_weather_noise['day_of_week'] = df_traffic_weather_noise['datetime'].dt.dayofweek\n",
    "\n",
    "\n",
    "# rename 'value' column as 'traffic_volume' and 'rain' as 'rainfall' for clarity\n",
    "df_traffic_weather_noise.rename(columns= {'laeq_Ballymun4': 'noise', 'value': 'traffic_volume', 'rain': 'rainfallmm'}, inplace=True)"
   ]
  },
  {
   "cell_type": "code",
   "execution_count": 8,
   "id": "102b084f",
   "metadata": {},
   "outputs": [
    {
     "data": {
      "text/html": [
       "<div>\n",
       "<style scoped>\n",
       "    .dataframe tbody tr th:only-of-type {\n",
       "        vertical-align: middle;\n",
       "    }\n",
       "\n",
       "    .dataframe tbody tr th {\n",
       "        vertical-align: top;\n",
       "    }\n",
       "\n",
       "    .dataframe thead th {\n",
       "        text-align: right;\n",
       "    }\n",
       "</style>\n",
       "<table border=\"1\" class=\"dataframe\">\n",
       "  <thead>\n",
       "    <tr style=\"text-align: right;\">\n",
       "      <th></th>\n",
       "      <th>noise</th>\n",
       "      <th>traffic_volume</th>\n",
       "      <th>rainfallmm</th>\n",
       "      <th>temp</th>\n",
       "      <th>wetb</th>\n",
       "      <th>dewpt</th>\n",
       "      <th>vappr</th>\n",
       "      <th>rhum</th>\n",
       "      <th>msl</th>\n",
       "      <th>wdsp</th>\n",
       "      <th>wddir</th>\n",
       "      <th>ww</th>\n",
       "      <th>w</th>\n",
       "      <th>sun</th>\n",
       "      <th>vis</th>\n",
       "      <th>clht</th>\n",
       "      <th>clamt</th>\n",
       "      <th>hour</th>\n",
       "      <th>day_of_week</th>\n",
       "    </tr>\n",
       "  </thead>\n",
       "  <tbody>\n",
       "    <tr>\n",
       "      <th>noise</th>\n",
       "      <td>1.000000</td>\n",
       "      <td>0.742038</td>\n",
       "      <td>0.111308</td>\n",
       "      <td>0.154165</td>\n",
       "      <td>0.105523</td>\n",
       "      <td>0.026462</td>\n",
       "      <td>0.034780</td>\n",
       "      <td>-0.248482</td>\n",
       "      <td>-0.082418</td>\n",
       "      <td>0.186928</td>\n",
       "      <td>-0.089377</td>\n",
       "      <td>0.097684</td>\n",
       "      <td>0.135862</td>\n",
       "      <td>0.223728</td>\n",
       "      <td>0.066493</td>\n",
       "      <td>-0.097785</td>\n",
       "      <td>0.089105</td>\n",
       "      <td>5.763415e-01</td>\n",
       "      <td>-8.666494e-03</td>\n",
       "    </tr>\n",
       "    <tr>\n",
       "      <th>traffic_volume</th>\n",
       "      <td>0.742038</td>\n",
       "      <td>1.000000</td>\n",
       "      <td>0.021899</td>\n",
       "      <td>0.318299</td>\n",
       "      <td>0.240766</td>\n",
       "      <td>0.109986</td>\n",
       "      <td>0.109515</td>\n",
       "      <td>-0.404063</td>\n",
       "      <td>-0.007166</td>\n",
       "      <td>0.195883</td>\n",
       "      <td>-0.052439</td>\n",
       "      <td>0.042464</td>\n",
       "      <td>0.068359</td>\n",
       "      <td>0.381464</td>\n",
       "      <td>0.178786</td>\n",
       "      <td>-0.113345</td>\n",
       "      <td>0.092454</td>\n",
       "      <td>3.656357e-01</td>\n",
       "      <td>-1.142348e-01</td>\n",
       "    </tr>\n",
       "    <tr>\n",
       "      <th>rainfallmm</th>\n",
       "      <td>0.111308</td>\n",
       "      <td>0.021899</td>\n",
       "      <td>1.000000</td>\n",
       "      <td>-0.012256</td>\n",
       "      <td>0.038617</td>\n",
       "      <td>0.100208</td>\n",
       "      <td>0.102788</td>\n",
       "      <td>0.198647</td>\n",
       "      <td>-0.248517</td>\n",
       "      <td>0.075159</td>\n",
       "      <td>-0.097681</td>\n",
       "      <td>0.423015</td>\n",
       "      <td>0.322285</td>\n",
       "      <td>-0.094324</td>\n",
       "      <td>-0.244108</td>\n",
       "      <td>-0.133260</td>\n",
       "      <td>0.173198</td>\n",
       "      <td>6.370920e-02</td>\n",
       "      <td>2.493394e-02</td>\n",
       "    </tr>\n",
       "    <tr>\n",
       "      <th>temp</th>\n",
       "      <td>0.154165</td>\n",
       "      <td>0.318299</td>\n",
       "      <td>-0.012256</td>\n",
       "      <td>1.000000</td>\n",
       "      <td>0.969520</td>\n",
       "      <td>0.832203</td>\n",
       "      <td>0.818447</td>\n",
       "      <td>-0.441734</td>\n",
       "      <td>0.083820</td>\n",
       "      <td>0.047337</td>\n",
       "      <td>-0.134888</td>\n",
       "      <td>0.015908</td>\n",
       "      <td>0.055279</td>\n",
       "      <td>0.280969</td>\n",
       "      <td>0.212422</td>\n",
       "      <td>-0.247579</td>\n",
       "      <td>0.251749</td>\n",
       "      <td>1.801700e-01</td>\n",
       "      <td>5.428765e-02</td>\n",
       "    </tr>\n",
       "    <tr>\n",
       "      <th>wetb</th>\n",
       "      <td>0.105523</td>\n",
       "      <td>0.240766</td>\n",
       "      <td>0.038617</td>\n",
       "      <td>0.969520</td>\n",
       "      <td>1.000000</td>\n",
       "      <td>0.941506</td>\n",
       "      <td>0.928536</td>\n",
       "      <td>-0.213756</td>\n",
       "      <td>0.027493</td>\n",
       "      <td>0.002976</td>\n",
       "      <td>-0.133149</td>\n",
       "      <td>0.097582</td>\n",
       "      <td>0.125410</td>\n",
       "      <td>0.169042</td>\n",
       "      <td>0.091368</td>\n",
       "      <td>-0.294446</td>\n",
       "      <td>0.310451</td>\n",
       "      <td>1.361598e-01</td>\n",
       "      <td>4.924687e-02</td>\n",
       "    </tr>\n",
       "    <tr>\n",
       "      <th>dewpt</th>\n",
       "      <td>0.026462</td>\n",
       "      <td>0.109986</td>\n",
       "      <td>0.100208</td>\n",
       "      <td>0.832203</td>\n",
       "      <td>0.941506</td>\n",
       "      <td>1.000000</td>\n",
       "      <td>0.988675</td>\n",
       "      <td>0.123927</td>\n",
       "      <td>-0.053073</td>\n",
       "      <td>-0.068659</td>\n",
       "      <td>-0.112911</td>\n",
       "      <td>0.193828</td>\n",
       "      <td>0.202663</td>\n",
       "      <td>0.003606</td>\n",
       "      <td>-0.081154</td>\n",
       "      <td>-0.321499</td>\n",
       "      <td>0.350091</td>\n",
       "      <td>6.043891e-02</td>\n",
       "      <td>3.153974e-02</td>\n",
       "    </tr>\n",
       "    <tr>\n",
       "      <th>vappr</th>\n",
       "      <td>0.034780</td>\n",
       "      <td>0.109515</td>\n",
       "      <td>0.102788</td>\n",
       "      <td>0.818447</td>\n",
       "      <td>0.928536</td>\n",
       "      <td>0.988675</td>\n",
       "      <td>1.000000</td>\n",
       "      <td>0.130317</td>\n",
       "      <td>-0.063457</td>\n",
       "      <td>-0.065799</td>\n",
       "      <td>-0.108996</td>\n",
       "      <td>0.192208</td>\n",
       "      <td>0.202725</td>\n",
       "      <td>0.001019</td>\n",
       "      <td>-0.073886</td>\n",
       "      <td>-0.303184</td>\n",
       "      <td>0.328677</td>\n",
       "      <td>6.048494e-02</td>\n",
       "      <td>4.195319e-02</td>\n",
       "    </tr>\n",
       "    <tr>\n",
       "      <th>rhum</th>\n",
       "      <td>-0.248482</td>\n",
       "      <td>-0.404063</td>\n",
       "      <td>0.198647</td>\n",
       "      <td>-0.441734</td>\n",
       "      <td>-0.213756</td>\n",
       "      <td>0.123927</td>\n",
       "      <td>0.130317</td>\n",
       "      <td>1.000000</td>\n",
       "      <td>-0.239899</td>\n",
       "      <td>-0.217564</td>\n",
       "      <td>0.052276</td>\n",
       "      <td>0.296829</td>\n",
       "      <td>0.232216</td>\n",
       "      <td>-0.481769</td>\n",
       "      <td>-0.530281</td>\n",
       "      <td>-0.065338</td>\n",
       "      <td>0.108732</td>\n",
       "      <td>-2.366233e-01</td>\n",
       "      <td>-4.863637e-02</td>\n",
       "    </tr>\n",
       "    <tr>\n",
       "      <th>msl</th>\n",
       "      <td>-0.082418</td>\n",
       "      <td>-0.007166</td>\n",
       "      <td>-0.248517</td>\n",
       "      <td>0.083820</td>\n",
       "      <td>0.027493</td>\n",
       "      <td>-0.053073</td>\n",
       "      <td>-0.063457</td>\n",
       "      <td>-0.239899</td>\n",
       "      <td>1.000000</td>\n",
       "      <td>-0.298317</td>\n",
       "      <td>-0.032619</td>\n",
       "      <td>-0.360675</td>\n",
       "      <td>-0.400761</td>\n",
       "      <td>0.118952</td>\n",
       "      <td>0.206883</td>\n",
       "      <td>0.143499</td>\n",
       "      <td>-0.148313</td>\n",
       "      <td>-1.622423e-02</td>\n",
       "      <td>4.846913e-02</td>\n",
       "    </tr>\n",
       "    <tr>\n",
       "      <th>wdsp</th>\n",
       "      <td>0.186928</td>\n",
       "      <td>0.195883</td>\n",
       "      <td>0.075159</td>\n",
       "      <td>0.047337</td>\n",
       "      <td>0.002976</td>\n",
       "      <td>-0.068659</td>\n",
       "      <td>-0.065799</td>\n",
       "      <td>-0.217564</td>\n",
       "      <td>-0.298317</td>\n",
       "      <td>1.000000</td>\n",
       "      <td>0.188320</td>\n",
       "      <td>0.177201</td>\n",
       "      <td>0.259624</td>\n",
       "      <td>0.113841</td>\n",
       "      <td>-0.018916</td>\n",
       "      <td>-0.112015</td>\n",
       "      <td>0.080663</td>\n",
       "      <td>3.420094e-02</td>\n",
       "      <td>5.221885e-02</td>\n",
       "    </tr>\n",
       "    <tr>\n",
       "      <th>wddir</th>\n",
       "      <td>-0.089377</td>\n",
       "      <td>-0.052439</td>\n",
       "      <td>-0.097681</td>\n",
       "      <td>-0.134888</td>\n",
       "      <td>-0.133149</td>\n",
       "      <td>-0.112911</td>\n",
       "      <td>-0.108996</td>\n",
       "      <td>0.052276</td>\n",
       "      <td>-0.032619</td>\n",
       "      <td>0.188320</td>\n",
       "      <td>1.000000</td>\n",
       "      <td>-0.058156</td>\n",
       "      <td>0.013036</td>\n",
       "      <td>0.000949</td>\n",
       "      <td>0.183497</td>\n",
       "      <td>0.062665</td>\n",
       "      <td>-0.110974</td>\n",
       "      <td>-6.608587e-02</td>\n",
       "      <td>-6.952355e-03</td>\n",
       "    </tr>\n",
       "    <tr>\n",
       "      <th>ww</th>\n",
       "      <td>0.097684</td>\n",
       "      <td>0.042464</td>\n",
       "      <td>0.423015</td>\n",
       "      <td>0.015908</td>\n",
       "      <td>0.097582</td>\n",
       "      <td>0.193828</td>\n",
       "      <td>0.192208</td>\n",
       "      <td>0.296829</td>\n",
       "      <td>-0.360675</td>\n",
       "      <td>0.177201</td>\n",
       "      <td>-0.058156</td>\n",
       "      <td>1.000000</td>\n",
       "      <td>0.768202</td>\n",
       "      <td>-0.188209</td>\n",
       "      <td>-0.412821</td>\n",
       "      <td>-0.309748</td>\n",
       "      <td>0.361930</td>\n",
       "      <td>4.149850e-02</td>\n",
       "      <td>1.403976e-02</td>\n",
       "    </tr>\n",
       "    <tr>\n",
       "      <th>w</th>\n",
       "      <td>0.135862</td>\n",
       "      <td>0.068359</td>\n",
       "      <td>0.322285</td>\n",
       "      <td>0.055279</td>\n",
       "      <td>0.125410</td>\n",
       "      <td>0.202663</td>\n",
       "      <td>0.202725</td>\n",
       "      <td>0.232216</td>\n",
       "      <td>-0.400761</td>\n",
       "      <td>0.259624</td>\n",
       "      <td>0.013036</td>\n",
       "      <td>0.768202</td>\n",
       "      <td>1.000000</td>\n",
       "      <td>-0.158431</td>\n",
       "      <td>-0.318296</td>\n",
       "      <td>-0.319407</td>\n",
       "      <td>0.354194</td>\n",
       "      <td>3.799255e-02</td>\n",
       "      <td>2.210605e-02</td>\n",
       "    </tr>\n",
       "    <tr>\n",
       "      <th>sun</th>\n",
       "      <td>0.223728</td>\n",
       "      <td>0.381464</td>\n",
       "      <td>-0.094324</td>\n",
       "      <td>0.280969</td>\n",
       "      <td>0.169042</td>\n",
       "      <td>0.003606</td>\n",
       "      <td>0.001019</td>\n",
       "      <td>-0.481769</td>\n",
       "      <td>0.118952</td>\n",
       "      <td>0.113841</td>\n",
       "      <td>0.000949</td>\n",
       "      <td>-0.188209</td>\n",
       "      <td>-0.158431</td>\n",
       "      <td>1.000000</td>\n",
       "      <td>0.293893</td>\n",
       "      <td>0.289438</td>\n",
       "      <td>-0.342420</td>\n",
       "      <td>4.056431e-02</td>\n",
       "      <td>-6.336933e-02</td>\n",
       "    </tr>\n",
       "    <tr>\n",
       "      <th>vis</th>\n",
       "      <td>0.066493</td>\n",
       "      <td>0.178786</td>\n",
       "      <td>-0.244108</td>\n",
       "      <td>0.212422</td>\n",
       "      <td>0.091368</td>\n",
       "      <td>-0.081154</td>\n",
       "      <td>-0.073886</td>\n",
       "      <td>-0.530281</td>\n",
       "      <td>0.206883</td>\n",
       "      <td>-0.018916</td>\n",
       "      <td>0.183497</td>\n",
       "      <td>-0.412821</td>\n",
       "      <td>-0.318296</td>\n",
       "      <td>0.293893</td>\n",
       "      <td>1.000000</td>\n",
       "      <td>0.178327</td>\n",
       "      <td>-0.249569</td>\n",
       "      <td>1.124698e-01</td>\n",
       "      <td>-3.570214e-02</td>\n",
       "    </tr>\n",
       "    <tr>\n",
       "      <th>clht</th>\n",
       "      <td>-0.097785</td>\n",
       "      <td>-0.113345</td>\n",
       "      <td>-0.133260</td>\n",
       "      <td>-0.247579</td>\n",
       "      <td>-0.294446</td>\n",
       "      <td>-0.321499</td>\n",
       "      <td>-0.303184</td>\n",
       "      <td>-0.065338</td>\n",
       "      <td>0.143499</td>\n",
       "      <td>-0.112015</td>\n",
       "      <td>0.062665</td>\n",
       "      <td>-0.309748</td>\n",
       "      <td>-0.319407</td>\n",
       "      <td>0.289438</td>\n",
       "      <td>0.178327</td>\n",
       "      <td>1.000000</td>\n",
       "      <td>-0.903620</td>\n",
       "      <td>-6.574585e-02</td>\n",
       "      <td>-6.430762e-02</td>\n",
       "    </tr>\n",
       "    <tr>\n",
       "      <th>clamt</th>\n",
       "      <td>0.089105</td>\n",
       "      <td>0.092454</td>\n",
       "      <td>0.173198</td>\n",
       "      <td>0.251749</td>\n",
       "      <td>0.310451</td>\n",
       "      <td>0.350091</td>\n",
       "      <td>0.328677</td>\n",
       "      <td>0.108732</td>\n",
       "      <td>-0.148313</td>\n",
       "      <td>0.080663</td>\n",
       "      <td>-0.110974</td>\n",
       "      <td>0.361930</td>\n",
       "      <td>0.354194</td>\n",
       "      <td>-0.342420</td>\n",
       "      <td>-0.249569</td>\n",
       "      <td>-0.903620</td>\n",
       "      <td>1.000000</td>\n",
       "      <td>6.479296e-02</td>\n",
       "      <td>7.416720e-02</td>\n",
       "    </tr>\n",
       "    <tr>\n",
       "      <th>hour</th>\n",
       "      <td>0.576341</td>\n",
       "      <td>0.365636</td>\n",
       "      <td>0.063709</td>\n",
       "      <td>0.180170</td>\n",
       "      <td>0.136160</td>\n",
       "      <td>0.060439</td>\n",
       "      <td>0.060485</td>\n",
       "      <td>-0.236623</td>\n",
       "      <td>-0.016224</td>\n",
       "      <td>0.034201</td>\n",
       "      <td>-0.066086</td>\n",
       "      <td>0.041499</td>\n",
       "      <td>0.037993</td>\n",
       "      <td>0.040564</td>\n",
       "      <td>0.112470</td>\n",
       "      <td>-0.065746</td>\n",
       "      <td>0.064793</td>\n",
       "      <td>1.000000e+00</td>\n",
       "      <td>-3.752916e-17</td>\n",
       "    </tr>\n",
       "    <tr>\n",
       "      <th>day_of_week</th>\n",
       "      <td>-0.008666</td>\n",
       "      <td>-0.114235</td>\n",
       "      <td>0.024934</td>\n",
       "      <td>0.054288</td>\n",
       "      <td>0.049247</td>\n",
       "      <td>0.031540</td>\n",
       "      <td>0.041953</td>\n",
       "      <td>-0.048636</td>\n",
       "      <td>0.048469</td>\n",
       "      <td>0.052219</td>\n",
       "      <td>-0.006952</td>\n",
       "      <td>0.014040</td>\n",
       "      <td>0.022106</td>\n",
       "      <td>-0.063369</td>\n",
       "      <td>-0.035702</td>\n",
       "      <td>-0.064308</td>\n",
       "      <td>0.074167</td>\n",
       "      <td>-3.752916e-17</td>\n",
       "      <td>1.000000e+00</td>\n",
       "    </tr>\n",
       "  </tbody>\n",
       "</table>\n",
       "</div>"
      ],
      "text/plain": [
       "                   noise  traffic_volume  rainfallmm      temp      wetb  \\\n",
       "noise           1.000000        0.742038    0.111308  0.154165  0.105523   \n",
       "traffic_volume  0.742038        1.000000    0.021899  0.318299  0.240766   \n",
       "rainfallmm      0.111308        0.021899    1.000000 -0.012256  0.038617   \n",
       "temp            0.154165        0.318299   -0.012256  1.000000  0.969520   \n",
       "wetb            0.105523        0.240766    0.038617  0.969520  1.000000   \n",
       "dewpt           0.026462        0.109986    0.100208  0.832203  0.941506   \n",
       "vappr           0.034780        0.109515    0.102788  0.818447  0.928536   \n",
       "rhum           -0.248482       -0.404063    0.198647 -0.441734 -0.213756   \n",
       "msl            -0.082418       -0.007166   -0.248517  0.083820  0.027493   \n",
       "wdsp            0.186928        0.195883    0.075159  0.047337  0.002976   \n",
       "wddir          -0.089377       -0.052439   -0.097681 -0.134888 -0.133149   \n",
       "ww              0.097684        0.042464    0.423015  0.015908  0.097582   \n",
       "w               0.135862        0.068359    0.322285  0.055279  0.125410   \n",
       "sun             0.223728        0.381464   -0.094324  0.280969  0.169042   \n",
       "vis             0.066493        0.178786   -0.244108  0.212422  0.091368   \n",
       "clht           -0.097785       -0.113345   -0.133260 -0.247579 -0.294446   \n",
       "clamt           0.089105        0.092454    0.173198  0.251749  0.310451   \n",
       "hour            0.576341        0.365636    0.063709  0.180170  0.136160   \n",
       "day_of_week    -0.008666       -0.114235    0.024934  0.054288  0.049247   \n",
       "\n",
       "                   dewpt     vappr      rhum       msl      wdsp     wddir  \\\n",
       "noise           0.026462  0.034780 -0.248482 -0.082418  0.186928 -0.089377   \n",
       "traffic_volume  0.109986  0.109515 -0.404063 -0.007166  0.195883 -0.052439   \n",
       "rainfallmm      0.100208  0.102788  0.198647 -0.248517  0.075159 -0.097681   \n",
       "temp            0.832203  0.818447 -0.441734  0.083820  0.047337 -0.134888   \n",
       "wetb            0.941506  0.928536 -0.213756  0.027493  0.002976 -0.133149   \n",
       "dewpt           1.000000  0.988675  0.123927 -0.053073 -0.068659 -0.112911   \n",
       "vappr           0.988675  1.000000  0.130317 -0.063457 -0.065799 -0.108996   \n",
       "rhum            0.123927  0.130317  1.000000 -0.239899 -0.217564  0.052276   \n",
       "msl            -0.053073 -0.063457 -0.239899  1.000000 -0.298317 -0.032619   \n",
       "wdsp           -0.068659 -0.065799 -0.217564 -0.298317  1.000000  0.188320   \n",
       "wddir          -0.112911 -0.108996  0.052276 -0.032619  0.188320  1.000000   \n",
       "ww              0.193828  0.192208  0.296829 -0.360675  0.177201 -0.058156   \n",
       "w               0.202663  0.202725  0.232216 -0.400761  0.259624  0.013036   \n",
       "sun             0.003606  0.001019 -0.481769  0.118952  0.113841  0.000949   \n",
       "vis            -0.081154 -0.073886 -0.530281  0.206883 -0.018916  0.183497   \n",
       "clht           -0.321499 -0.303184 -0.065338  0.143499 -0.112015  0.062665   \n",
       "clamt           0.350091  0.328677  0.108732 -0.148313  0.080663 -0.110974   \n",
       "hour            0.060439  0.060485 -0.236623 -0.016224  0.034201 -0.066086   \n",
       "day_of_week     0.031540  0.041953 -0.048636  0.048469  0.052219 -0.006952   \n",
       "\n",
       "                      ww         w       sun       vis      clht     clamt  \\\n",
       "noise           0.097684  0.135862  0.223728  0.066493 -0.097785  0.089105   \n",
       "traffic_volume  0.042464  0.068359  0.381464  0.178786 -0.113345  0.092454   \n",
       "rainfallmm      0.423015  0.322285 -0.094324 -0.244108 -0.133260  0.173198   \n",
       "temp            0.015908  0.055279  0.280969  0.212422 -0.247579  0.251749   \n",
       "wetb            0.097582  0.125410  0.169042  0.091368 -0.294446  0.310451   \n",
       "dewpt           0.193828  0.202663  0.003606 -0.081154 -0.321499  0.350091   \n",
       "vappr           0.192208  0.202725  0.001019 -0.073886 -0.303184  0.328677   \n",
       "rhum            0.296829  0.232216 -0.481769 -0.530281 -0.065338  0.108732   \n",
       "msl            -0.360675 -0.400761  0.118952  0.206883  0.143499 -0.148313   \n",
       "wdsp            0.177201  0.259624  0.113841 -0.018916 -0.112015  0.080663   \n",
       "wddir          -0.058156  0.013036  0.000949  0.183497  0.062665 -0.110974   \n",
       "ww              1.000000  0.768202 -0.188209 -0.412821 -0.309748  0.361930   \n",
       "w               0.768202  1.000000 -0.158431 -0.318296 -0.319407  0.354194   \n",
       "sun            -0.188209 -0.158431  1.000000  0.293893  0.289438 -0.342420   \n",
       "vis            -0.412821 -0.318296  0.293893  1.000000  0.178327 -0.249569   \n",
       "clht           -0.309748 -0.319407  0.289438  0.178327  1.000000 -0.903620   \n",
       "clamt           0.361930  0.354194 -0.342420 -0.249569 -0.903620  1.000000   \n",
       "hour            0.041499  0.037993  0.040564  0.112470 -0.065746  0.064793   \n",
       "day_of_week     0.014040  0.022106 -0.063369 -0.035702 -0.064308  0.074167   \n",
       "\n",
       "                        hour   day_of_week  \n",
       "noise           5.763415e-01 -8.666494e-03  \n",
       "traffic_volume  3.656357e-01 -1.142348e-01  \n",
       "rainfallmm      6.370920e-02  2.493394e-02  \n",
       "temp            1.801700e-01  5.428765e-02  \n",
       "wetb            1.361598e-01  4.924687e-02  \n",
       "dewpt           6.043891e-02  3.153974e-02  \n",
       "vappr           6.048494e-02  4.195319e-02  \n",
       "rhum           -2.366233e-01 -4.863637e-02  \n",
       "msl            -1.622423e-02  4.846913e-02  \n",
       "wdsp            3.420094e-02  5.221885e-02  \n",
       "wddir          -6.608587e-02 -6.952355e-03  \n",
       "ww              4.149850e-02  1.403976e-02  \n",
       "w               3.799255e-02  2.210605e-02  \n",
       "sun             4.056431e-02 -6.336933e-02  \n",
       "vis             1.124698e-01 -3.570214e-02  \n",
       "clht           -6.574585e-02 -6.430762e-02  \n",
       "clamt           6.479296e-02  7.416720e-02  \n",
       "hour            1.000000e+00 -3.752916e-17  \n",
       "day_of_week    -3.752916e-17  1.000000e+00  "
      ]
     },
     "execution_count": 8,
     "metadata": {},
     "output_type": "execute_result"
    }
   ],
   "source": [
    "# inspect correlation coefficient matrix for variables that might be good predictors for LAeq Ballymun values\n",
    "\n",
    "df_traffic_weather_noise.corr()"
   ]
  },
  {
   "cell_type": "code",
   "execution_count": 9,
   "id": "b562089c",
   "metadata": {},
   "outputs": [
    {
     "data": {
      "text/plain": [
       "<AxesSubplot:>"
      ]
     },
     "execution_count": 9,
     "metadata": {},
     "output_type": "execute_result"
    },
    {
     "data": {
